98604
98506
98507
98521
98525
98528
98559
98560
98561
98605
98547
98599
98606
98520
98529
98532
98534
98535
98598
98548
98597
98527
98596
98549
98566
98523
98567
98550
98568
98524
98569
98551
98570
98508
98530
98533
98536
98538
98540
98542
98562
98571
98552
98572
98573
98574
98539
98541
98543
98575
98553
98576
98544
98577
98511
98512
98554
98578
98545
98579
98555
98580
98546
98581
98556
98557
98558
98582
98509
98510
98513
98563
98583
98584
98588
98589
98590
98591
98514
98585
98586
98592
98587
98593
98594
98595
98515
98564
98516
98519
98518
98565
98602
98600
98601
98603
